[[3.4738959914429786, 3.2706667345795344, 3.3454897366678553, 3.4358987419141243, 3.4173075943564406], [2.7610655528956349, 3.4444557632557431, 4.3368817806753936, 3.4415524881576935, 3.6657158865175981], [3.8909998471960474, 3.2542148423572557, 3.3273570009677584, 3.3688178067539347, 3.4353384607548514], [4.4455253909234456, 4.4246931187286709, 3.2240615290582184, 3.5538633932664392, 3.4559160596954106], [3.2135689909845668, 3.2780522589517647, 3.2409718331380839, 3.3652523811949271, 4.0614781235674631], [4.7959048540722256, 4.0654000916823714, 3.181174553048439, 3.5345082259461114, 3.4341669637854633], [3.8400142617022359, 3.2986807925431672, 2.9403045892120407, 3.1951306473794121, 3.4730810370294911], [4.5304334538786737, 3.3962206489074518, 3.8782152498344624, 3.4086487037131361, 3.5304843885295165], [5.06417766006214, 4.8274843375948659, 4.6149849742780011, 4.8615596190088119, 4.9805429633779861], [8.0903580705954266, 8.0915295675648142, 8.0915295675648142, 8.0915295675648142, 8.0915295675648142]]



--------------

Enhanced : 



t = 0.6

[[4.0749248713900066, 3.9401517852595123, 3.3362196302144347, 3.8181123618397597, 4.1759282840116132], [4.7448683339275712, 3.243620434981918, 3.0532776447817449, 4.0476748331890189, 4.1193398869250748], [4.3345897213874602, 3.7209799826822185, 3.9474863749808997, 3.7584169510518004, 4.2364895838639027], [3.069220190495594, 4.6824224519940918, 3.7053939795242705, 3.1214282076096369, 3.4019762644527072], [4.2146895533031117, 5.8743951510212398, 3.1497478734783275, 3.3930627005551877, 3.2426017419650588], [4.0890847043243514, 6.1019202363367802, 3.2551316660724292, 3.2351652829419852, 3.4710945856466155], [3.9778434268833087, 3.6338817297407426, 3.0541944684969184, 4.0797636632200884, 4.6134060001018691], [4.8648194366627617, 4.6842560994244389, 3.2475933377476696, 3.5482605816737127, 4.1703764070697291], [5.4387001477104873, 5.5098049202872712, 4.9905261549432076, 5.3939285896195184, 5.458208118983344], [7.72632812102073, 7.7678907961085928, 7.7773646411653852, 7.7793001578974179, 7.7793001578974179]]

t = 0.65

[[4.2711760810879644, 3.6955635919115775, 4.6904701268272806, 3.7550552640961645, 3.8358885549839554], [3.8807619823766109, 4.063617378902868, 3.3982580349411706, 3.5455101105281925, 3.4487342739265521], [4.5398563642846232, 2.9519686242550809, 2.7379921560637701, 3.0887281617684512, 3.9331228034431822], [3.3588346151887127, 2.7460907655478022, 3.0728365507054449, 3.4040645851372688, 3.6550196098405747], [4.2713288850404929, 2.8325268680283195, 3.377935109254826, 3.5631334997198594, 3.6008760759944991], [4.6971425660877095, 4.1961493403962713, 3.0050934650842969, 3.8745479549737687, 3.8863647939693373], [3.4350837875006368, 4.1765904344725717, 3.3258289614424692, 3.5614017215911984, 3.6844089033769674], [4.2636377527632048, 3.5538124586155964, 3.4919777924922326, 3.4851016146284319, 3.8414404319258391], [4.9984210258238679, 5.0975398563642846, 5.0569449396424391, 4.6306728467376352, 4.8923750827688073], [7.8207100290327514, 7.8214740487953955, 7.8214740487953955, 7.8214740487953955, 7.8214740487953955]]


t=0.7

[[3.6445270717669231, 4.0094229104059496, 3.7681454693628074, 2.9736667855141854, 3.5431671165894159], [3.4767992665410277, 3.6192125502979677, 3.4806703000050936, 3.436357153771711, 3.6805888045637447], [4.1936535425049657, 4.7775174451179137, 3.6980593898028831, 3.5314012122446901, 3.6697906585850353], [3.1838231548922731, 5.0645342026180407, 4.2323638771456222, 3.9986247644272397, 3.5512657260734479], [3.1855549330209341, 3.8670096266490095, 3.5099577242398001, 4.4447104365099577, 3.7366169204910102], [4.4396169714256608, 4.3940813935720469, 2.9683186471756735, 3.2676106555289564, 3.2893597514389037], [3.1688993021952836, 3.5440330056537461, 3.4933020934141497, 3.55885498904905, 3.6932205979728008], [4.6077013192074565, 3.7046299597616259, 3.9008302348087405, 3.7673814496001632, 3.9781999694392094], [4.7441043141649262, 3.9377069220190495, 4.2033820608159731, 4.7695207049355677, 4.6486018438343608], [7.7690622930779814, 7.7695207049355677, 7.768654815871237, 7.768654815871237, 7.768654815871237]]


t=0.75

[[3.4820455355778535, 3.5015025721998674, 2.7515917078388425, 4.2126012326185505, 3.9973004635053226], [3.3591402230937706, 3.2258442418377222, 3.4198033922477462, 3.7895889573676973, 3.3712626699943971], [4.3193602607854125, 3.1641114450160446, 3.4103804818417971, 2.9811541791881018, 3.5128100646870064], [3.7744104314164928, 3.3038251922783068, 3.2352162175928285, 3.6764121631946214, 3.4461875413844036], [4.6023022462181018, 3.0454337085519279, 3.2698008455152041, 3.1039576223704985, 3.8332399531401213], [2.9579789130545509, 4.7017776193144192, 3.925839148372638, 3.4124178678755159, 3.6045943055060357], [3.5109254826058169, 2.9407630010696275, 3.3240971833138082, 3.1613609738705239, 3.6497733408037489], [4.4152192736718794, 4.0264860184383435, 3.2587480262822797, 3.3333163551163856, 4.1992563540976926], [4.656547649365864, 5.5923190546528803, 4.7312687821524984, 5.0961646207915248, 5.4628941068608974], [8.0592879335812153, 8.0601028879947023, 8.0598482147404873, 8.0598482147404873, 8.0598482147404873]]


t = 0.8

[[3.3539958233586309, 3.8769418835633882, 3.8375184638109308, 4.0835837620333111, 3.7870931594763917], [4.0872510568940053, 3.3851678296745278, 3.3013293943870017, 3.0975398563642846, 3.4670707482300207], [3.9567055467834766, 4.5792288493862374, 3.1702236031172006, 3.6469210003565427, 3.4765955279376559], [3.2487648347170581, 4.0267406916925585, 3.5916059695410789, 3.1489329190648396, 3.5387358019660775], [3.9405083278154129, 3.4564763408546835, 3.336117760912749, 2.9832424998726634, 3.4804156267508786], [3.4921815310956044, 3.1112412774410432, 2.6786023531808691, 3.5080731421586107, 3.3790047369225285], [3.1223450313248104, 3.3697346304691083, 3.3764070697295372, 2.8716446798757196, 3.3321448581469975], [3.6611317679417308, 5.1700198645138284, 3.4921815310956044, 3.6291448072123464, 3.4545917587734936], [4.6266999439718841, 5.2247746141700198, 4.4474099730046355, 4.7331024295828454, 3.6949014414506189], [8.0194061019711711, 8.0197117098762281, 8.0197117098762281, 8.0197117098762281, 8.0197117098762281]]

t = 0.85

[[3.2272704120613254, 3.2755055264096167, 3.4476646462588501, 3.5648143431976775, 4.0838893699383689], [3.8999643457444098, 3.2754545917587734, 4.4315183619416292, 3.9905770895940509, 3.7142566087709468], [3.6573116691285081, 3.8639026129475882, 3.3596495696022002, 3.8059899149391332, 3.47975347628992], [4.1005450007640194, 4.2421942647583153, 3.7923394285132175, 3.6185503998370092, 3.3668313553710587], [4.7108949218153109, 3.2367951917689606, 3.3307696225742371, 3.3723832323129423, 3.8975704171547902], [4.1066062242143326, 4.8216777873987677, 3.2231956399938877, 3.92278306932206, 3.3192074568328835], [3.0814445066979066, 3.0428869760097794, 3.0270462995976164, 3.2673050476238985, 5.0113074924871386], [4.4875464778688938, 3.4742015993480364, 3.6273620944328426, 4.1642642489685731, 3.8441399684205164], [5.0877094687515916, 4.4167982478480106, 4.6290429379106603, 4.8039525289054144, 5.2499872663372891], [7.8287577038659402, 7.8286558345642536, 7.8282992920083529, 7.8282992920083529, 7.8282992920083529]]

t = 0.9

[[4.2767279580298476, 4.1235165282941981, 3.1657413538430195, 3.3448785208577396, 3.1335506545102634], [4.6480924973259308, 3.9568074160851627, 3.3819589466714204, 3.2146895533031121, 3.0156878724596341], [5.1433301074721136, 3.4109916976519128, 3.4976315387358019, 3.5379208475525901, 3.4512300718178577], [4.1451637549024598, 3.3272551316660723, 3.2747415066469721, 3.6089746854785312, 3.5458666530840932], [4.1586105027250042, 3.3637243416696379, 3.5401619721896807, 3.4726226251719043, 3.4677838333418225], [4.0324963072378139, 2.9454489889471809, 3.5729129526817092, 3.2850812407680947, 4.148576376508939], [2.9725462231956401, 4.025314521468955, 2.9202363367799116, 3.3198696072938421, 4.2176437630520045], [4.0595935414862732, 3.9490144145061885, 3.5912494269851778, 3.3902612947588242, 3.4927418122548768], [4.6010288799470276, 3.9803392247746143, 4.8496409107115568, 5.7233229766209952, 5.2493251158763305], [8.392145876840015, 8.392145876840015, 8.392145876840015, 8.392145876840015, 8.392145876840015]]

t = 0.95

[[3.9282840116131004, 3.2639433606682626, 3.6839504915193806, 3.7102327713543524, 3.4949320022411245], [4.2657260734477669, 3.6892476952070492, 3.8440890337696736, 4.0430397799623083, 3.6310293892935364], [4.2339428513217543, 3.3485967503692762, 3.0679977588753631, 3.137370753323486, 3.1929404573931648], [3.5933886823205827, 4.2113278663474762, 3.3046401466917943, 3.1096113686140683, 3.3050476238985382], [4.6168186217083482, 3.9054143533846077, 3.844649314928946, 3.9159068914582589, 4.2983242499872665], [3.712473895991443, 4.3255742881882542, 4.1731778128660926, 3.5098049202872716, 4.0886262924667651], [4.5446442214638623, 3.663882239087251, 3.2765242194264759, 3.4934548973666786, 3.1676259359242094], [4.8939540569449393, 3.794988030357052, 4.2777466510467068, 3.5679213568990984, 3.3064228594712981], [4.7094178169408645, 4.9561452656242038, 5.0430397799623083, 4.3030102378648198, 4.9592522793256251], [7.722558956858351, 7.7309122395965977, 7.7309631742474405, 7.7309631742474405, 7.7309631742474405]]