w = 0.005
threshold = 0.6

[[3.0705196182396608, 3.4435312831389182, 3.6701131141746202], [3.7179215270413573, 2.8535701661364441, 3.4886885825379994], [3.7241074584658889, 3.0916401555319899, 2.9870095440084836], [3.3733651466949452, 3.3487981618946625, 3.3003711558854718], [3.1124955814775541, 2.9726935312831388, 2.9373453517143866], [3.5819194061505835, 4.1267232237539764, 3.1489925768822906], [3.4765818310357015, 3.7507953340402969, 3.0217391304347827], [4.2985153764581128, 3.8508306822198657, 3.9813538352774831], [3.765464828561329, 5.1641922940968543, 4.6271650759985858], [9.2887062566277834, 9.2887062566277834, 9.2887062566277834]]

w = 0.005
threshold = 0.65
[[3.0760869565217392, 3.4262990455991518, 3.6565040650406506], [3.753799929303641, 2.8411983032873809, 3.4645634499823261], [3.817426652527395, 3.1876988335100744, 3.0912866737363025], [3.3769883351007421, 3.360021208907741, 3.3142453163662071], [3.1120537292329447, 2.968186638388123, 2.936284906327324], [3.572552138564864, 4.1170024743725699, 3.1410392364793212], [3.4848002827854367, 3.7564510427712974, 3.0212089077412512], [4.2547720042417811, 3.8259102156238955, 3.9548427006009192], [3.7567161541180627, 5.1447507953340406, 4.5970307529162246], [9.3291799222340046, 9.3291799222340046, 9.3291799222340046]]



Process finished with exit code 0

